r	m_truth	s1_truth	s2_truth	name	median	lower	upper
0	0.3	0.1	0.1	m.1	0.288902334014414	0.03975684220312109	5.762052488552156
0	0.3	0.1	0.1	m.2	0.28467919387730245	0.01339683315376667	7.605024561299176
0	0.3	0.1	0.1	origin	10.033302813596276	7.366888692638663	12.336165066402245
0	0.3	0.1	0.1	R0Values.1	1.4437056013248943	0.8757214055045022	2.366512672780432
0	0.3	0.1	0.1	R0Values.2	1.1327867922377495	0.5765163128292948	2.5337668379582725
0	0.3	0.1	0.1	rep	3	1	5
0	0.3	0.1	0.1	sampPropValues.1	0.2158148667635405	0.09825684296657436	0.681682731451441
0	0.3	0.1	0.1	sampPropValues.2	0.21828470018236718	0.06613033154500944	0.8382648990555592
0	0.3	0.1	0.2	m.1	0.22027291827915715	0.05668252156537344	4.530140490129836
0	0.3	0.1	0.2	m.2	0.5492752928236905	0.015705758505367335	8.50606460738187
0	0.3	0.1	0.2	origin	10.21652389417642	8.85487675678665	13.022738057948741
0	0.3	0.1	0.2	R0Values.1	1.5302547915193139	0.9862679759806863	2.082081571891985
0	0.3	0.1	0.2	R0Values.2	1.3266701442683462	0.7505302737099452	2.7630241384506062
0	0.3	0.1	0.2	rep	3	1	5
0	0.3	0.1	0.2	sampPropValues.1	0.11808905353779578	0.04219827700032741	0.27403470959860776
0	0.3	0.1	0.2	sampPropValues.2	0.2474046046551112	0.05372707252571805	0.5559950333968895
0	0.3	0.2	0.1	m.1	0.23410230663927534	0.04117160233979021	7.970320255215696
0	0.3	0.2	0.1	m.2	0.531698943893121	0.011814028109351681	9.177962377235485
0	0.3	0.2	0.1	origin	9.876197657535256	7.025531126505216	12.516405476976688
0	0.3	0.2	0.1	R0Values.1	1.376413147897511	0.8925883415808831	2.169068047491624
0	0.3	0.2	0.1	R0Values.2	1.2787439466175006	0.6966509972569979	2.4041325171067953
0	0.3	0.2	0.1	rep	3	1	5
0	0.3	0.2	0.1	sampPropValues.1	0.19590183027083638	0.051297105365149094	0.7206181866043639
0	0.3	0.2	0.1	sampPropValues.2	0.14382097653927867	0.027060277004477436	0.7572750571452933
0	0.3	0.2	0.2	m.1	0.6463276325490612	0.014702372502102113	8.594610460619617
0	0.3	0.2	0.2	m.2	0.9272277636554662	0.031525309137393404	8.967830716189562
0	0.3	0.2	0.2	origin	9.892906943087798	8.57979583292586	12.795445016228491
0	0.3	0.2	0.2	R0Values.1	1.3730453214384877	0.9194266001718522	2.3602883674468487
0	0.3	0.2	0.2	R0Values.2	1.3186957377848865	0.7553251128691761	3.204378526975561
0	0.3	0.2	0.2	rep	3	1	5
0	0.3	0.2	0.2	sampPropValues.1	0.17181882584091723	0.06052196688112933	0.7644012185827092
0	0.3	0.2	0.2	sampPropValues.2	0.20926534952994597	0.037641971943333984	0.9440499066686072
0	0.8	0.1	0.1	m.1	0.3193093632660794	0.03825195861787124	7.709023590371081
0	0.8	0.1	0.1	m.2	0.4645073990502127	0.015442724239620502	8.28141387931895
0	0.8	0.1	0.1	origin	9.77545085151446	7.148064047390632	12.028008437482015
0	0.8	0.1	0.1	R0Values.1	1.4348475460363819	0.9278072469096349	2.37339511581765
0	0.8	0.1	0.1	R0Values.2	1.317875359651348	0.6895630045040252	2.1506205866917902
0	0.8	0.1	0.1	rep	3	1	5
0	0.8	0.1	0.1	sampPropValues.1	0.2122980216484817	0.03973217575510247	0.8181774705657607
0	0.8	0.1	0.1	sampPropValues.2	0.2830150607846098	0.045499439339236614	0.9457686249387529
0	0.8	0.1	0.2	m.1	0.6967454764723191	0.055480641531417164	8.07705686660795
0	0.8	0.1	0.2	m.2	0.8814365616069476	0.12137725485866208	8.379551129064815
0	0.8	0.1	0.2	origin	10.267528914996067	9.210292893175216	13.131003800670054
0	0.8	0.1	0.2	R0Values.1	1.5007425299234258	0.9186282323363246	2.803794594710846
0	0.8	0.1	0.2	R0Values.2	1.2310000980152958	0.6118924759360381	2.4921325961117153
0	0.8	0.1	0.2	rep	3	1	5
0	0.8	0.1	0.2	sampPropValues.1	0.17904837806064527	0.05963366130869846	0.8620227458598043
0	0.8	0.1	0.2	sampPropValues.2	0.1507745817053631	0.0359522451146078	0.7738218554504273
0	0.8	0.2	0.1	m.1	0.48560405460930556	0.014411341840129906	6.857699649927671
0	0.8	0.2	0.1	m.2	1.6961325499060245	0.02177473541338664	9.359443638942878
0	0.8	0.2	0.1	origin	10.035627448728675	9.096410161974237	12.49628889626639
0	0.8	0.2	0.1	R0Values.1	1.403892860068338	0.9197205065251806	2.050235767741566
0	0.8	0.2	0.1	R0Values.2	1.3561002972431626	0.6590767643459865	2.945876598322485
0	0.8	0.2	0.1	rep	3	1	5
0	0.8	0.2	0.1	sampPropValues.1	0.18312404102398844	0.054341624378786126	0.6957670830262732
0	0.8	0.2	0.1	sampPropValues.2	0.2624223731794867	0.019056895177308297	0.9019573484346746
0	0.8	0.2	0.2	m.1	0.1916395042052504	0.013492796476026131	4.7913272936368205
0	0.8	0.2	0.2	m.2	0.4629580775023515	0.01604159441164828	6.600368546601086
0	0.8	0.2	0.2	origin	10.08237193330704	9.093204314893372	12.785668855659619
0	0.8	0.2	0.2	R0Values.1	1.4044472347553953	0.9959388010502092	1.8682302900889738
0	0.8	0.2	0.2	R0Values.2	1.1782298785204766	0.637814054860811	2.744488906204124
0	0.8	0.2	0.2	rep	3	1	5
0	0.8	0.2	0.2	sampPropValues.1	0.16401680590027068	0.07326088016062501	0.64870881128046
0	0.8	0.2	0.2	sampPropValues.2	0.23298361010606622	0.02567486319229514	0.9407183133896696
1	0.3	0.1	0.1	m.1	0.20438048416534296	0.016968981056261056	4.011896069415517
1	0.3	0.1	0.1	m.2	0.5016227075243315	0.017859099622336665	7.955641010970478
1	0.3	0.1	0.1	origin	9.978284923132925	9.00181967134137	12.528902589692969
1	0.3	0.1	0.1	R0Values.1	1.512918537552187	1.0191038845992824	2.028123754363291
1	0.3	0.1	0.1	R0Values.2	1.3332211185359908	0.7233451185637142	3.09595710132188
1	0.3	0.1	0.1	rep	3	1	5
1	0.3	0.1	0.1	sampPropValues.1	0.1278953173281802	0.04408341277256497	0.4298976115161265
1	0.3	0.1	0.1	sampPropValues.2	0.2390368579728273	0.01730776796563517	0.9067300249873453
1	0.3	0.1	0.2	m.1	0.41707019505972043	0.03960431406640434	8.11552276167743
1	0.3	0.1	0.2	m.2	0.7769220358044093	0.05879047325010523	8.637504488797305
1	0.3	0.1	0.2	origin	10.04131570974296	8.10619796678411	12.870381573669668
1	0.3	0.1	0.2	R0Values.1	1.442379590323285	0.9200618404999836	2.222824494148016
1	0.3	0.1	0.2	R0Values.2	1.3255274247654611	0.6793597225689652	2.725782578972125
1	0.3	0.1	0.2	rep	3	1	5
1	0.3	0.1	0.2	sampPropValues.1	0.12379301361786063	0.05337801490166187	0.5554390074312485
1	0.3	0.1	0.2	sampPropValues.2	0.20194826066364313	0.06720131197473407	0.7518672964689559
1	0.3	0.2	0.1	m.1	0.38709020797971583	0.042485870045109286	8.076132587733905
1	0.3	0.2	0.1	m.2	1.7067983796462118	0.0777597711151293	9.309596350321568
1	0.3	0.2	0.1	origin	10.04039866140823	8.329904798112231	13.161086454997712
1	0.3	0.2	0.1	R0Values.1	1.3136836766064037	0.8933124669476873	2.1589836023283464
1	0.3	0.2	0.1	R0Values.2	1.3737535065688062	0.7144086784611654	3.167276131498857
1	0.3	0.2	0.1	rep	3	1	5
1	0.3	0.2	0.1	sampPropValues.1	0.13165165507820967	0.044459805348841266	0.7561640633733223
1	0.3	0.2	0.1	sampPropValues.2	0.1873159827724225	0.04043681831103657	0.8290939237964228
1	0.3	0.2	0.2	m.1	0.27459480397679537	0.05651556041703677	6.8845677112267225
1	0.3	0.2	0.2	m.2	1.0118423223531323	0.01720693642500433	8.21630831849511
1	0.3	0.2	0.2	origin	9.720087985533983	7.770075120836923	12.385727294934036
1	0.3	0.2	0.2	R0Values.1	1.4157481450403857	0.8589043481865973	2.076821039307002
1	0.3	0.2	0.2	R0Values.2	1.2048124227457127	0.6405100323133098	2.7281031129776254
1	0.3	0.2	0.2	rep	3	1	5
1	0.3	0.2	0.2	sampPropValues.1	0.16769268239199547	0.07414916369881276	0.7392292248229745
1	0.3	0.2	0.2	sampPropValues.2	0.22879613811016597	0.0580959107900961	0.9192626228293447
1	0.8	0.1	0.1	m.1	0.18255596320370443	0.016925247177939973	1.2514802913552914
1	0.8	0.1	0.1	m.2	0.21886830933831175	0.012937740626476908	4.965994322795979
1	0.8	0.1	0.1	origin	9.971209206547535	8.26850530481335	12.201645604054967
1	0.8	0.1	0.1	R0Values.1	1.4638643146055266	1.030942409111819	2.0818402624603554
1	0.8	0.1	0.1	R0Values.2	1.2643367949783073	0.7548776682947513	3.5689582605618
1	0.8	0.1	0.1	rep	3	1	5
1	0.8	0.1	0.1	sampPropValues.1	0.20122164767758305	0.12062621133171077	0.47772956797086485
1	0.8	0.1	0.1	sampPropValues.2	0.16083887389120938	0.03609774934849021	0.8005165467507405
1	0.8	0.1	0.2	m.1	0.4187598083520032	0.04326079474089824	8.003832551546207
1	0.8	0.1	0.2	m.2	0.794055587297074	0.031533210782770923	8.123297818885339
1	0.8	0.1	0.2	origin	9.962692315600755	9.022422310849741	12.38930948098956
1	0.8	0.1	0.2	R0Values.1	1.4559336588511378	0.8204856261290062	2.2284739163621055
1	0.8	0.1	0.2	R0Values.2	1.2339325331856479	0.6321259894694176	2.244812398639418
1	0.8	0.1	0.2	rep	3	1	5
1	0.8	0.1	0.2	sampPropValues.1	0.19573502282639793	0.10047219493017906	0.7057256996558713
1	0.8	0.1	0.2	sampPropValues.2	0.2146653878896464	0.038764211881953836	0.8513307933457344
1	0.8	0.2	0.1	m.1	0.5598280941688838	0.06395824607689331	6.356744852499336
1	0.8	0.2	0.1	m.2	0.3962346546378181	0.04024411838456836	7.908461438317888
1	0.8	0.2	0.1	origin	10.050251580984792	8.385137788324487	12.855229753751676
1	0.8	0.2	0.1	R0Values.1	1.5487860450354822	0.8472686158908156	2.3541422591980217
1	0.8	0.2	0.1	R0Values.2	1.3565095061639627	0.8465263241215601	3.0777283969503286
1	0.8	0.2	0.1	rep	3	1	5
1	0.8	0.2	0.1	sampPropValues.1	0.2151660151259178	0.06546901088080272	0.7282841292224432
1	0.8	0.2	0.1	sampPropValues.2	0.13982248911067616	0.02772038745195133	0.7992090546700503
1	0.8	0.2	0.2	m.1	0.3307102946774182	0.03111240469787198	2.5231886248262905
1	0.8	0.2	0.2	m.2	0.289539440488747	0.015629292662791696	3.573729267687906
1	0.8	0.2	0.2	origin	10.15933557363779	8.727167874686954	12.783585440362263
1	0.8	0.2	0.2	R0Values.1	1.5140143407141338	0.9757023979480639	1.976371024640247
1	0.8	0.2	0.2	R0Values.2	1.129389578985636	0.5467201922266282	1.767521064298817
1	0.8	0.2	0.2	rep	3	1	5
1	0.8	0.2	0.2	sampPropValues.1	0.14375144422861547	0.03766725645685938	0.631487283694327
1	0.8	0.2	0.2	sampPropValues.2	0.2094697209706179	0.04984419565149512	0.8253634702636053
